-0.500178568 -0.600178568 -0.600178568 2.684547789
-0.493832442 -0.493832442 -0.600178568 2.707809404
-0.380913975 -0.600178568 -0.600178568 2.572555882
-0.372959487 -0.600178568 -0.600178568 2.66772443
-0.27137025 -0.600178568 -0.600178568 2.42956318
-0.268588828 -0.493832442 -0.600178568 2.518936786
-0.331719162 -0.600178568 -0.600178568 2.542521346
-0.203791694 -0.493832442 -0.600178568 2.596549109
-0.169710533 -0.600178568 -0.600178568 2.486881597
-0.095570669 -0.600178568 -0.600178568 2.342943828







